name: base
channels:
  - conda-forge
  - defaults
dependencies:
  - anaconda-client=1.7.2=py_0
  - attrs=20.3.0=pyhd3deb0d_0
  - beautifulsoup4=4.9.3=pyhb0f4dca_0
  - brotlipy=0.7.0=py38h2bbff1b_1003
  - bzip2=1.0.8=h8ffe710_4
  - ca-certificates=2020.12.5=h5b45459_0
  - certifi=2020.12.5=py38haa244fe_1
  - cffi=1.14.3=py38hcd4344a_2
  - chardet=3.0.4=py38haa95532_1003
  - clyent=1.2.2=py_1
  - conda=4.9.2=py38haa244fe_0
  - conda-build=3.21.4=py38haa244fe_0
  - conda-build-all=1.1.3=py_0
  - conda-package-handling=1.7.2=py38h76e460a_0
  - console_shortcut=0.1.1=4
  - cryptography=3.2.1=py38hcd4344a_1
  - filelock=3.0.12=pyh9f0ad1d_0
  - gitdb=4.0.5=py_0
  - gitpython=3.1.12=pyhd8ed1ab_0
  - glob2=0.7=py_0
  - idna=2.10=py_0
  - importlib-metadata=3.4.0=py38haa244fe_0
  - importlib_metadata=3.4.0=hd8ed1ab_0
  - ipython_genutils=0.2.0=py_1
  - jinja2=2.11.2=pyh9f0ad1d_0
  - jsonschema=3.2.0=py_2
  - jupyter_core=4.7.0=py38haa244fe_1
  - libarchive=3.5.1=h8686738_1
  - libiconv=1.16=he774522_0
  - liblief=0.10.1=ha925a31_2
  - libxml2=2.9.10=hf5bbc77_3
  - lz4-c=1.9.3=h8ffe710_0
  - lzo=2.10=he774522_1000
  - m2-msys2-runtime=2.5.0.17080.65c939c=3
  - m2-patch=2.7.5=2
  - m2w64-gcc-libgfortran=5.3.0=6
  - m2w64-gcc-libs=5.3.0=7
  - m2w64-gcc-libs-core=5.3.0=7
  - m2w64-gmp=6.1.0=2
  - m2w64-libwinpthread-git=5.0.0.4634.697f757=2
  - markupsafe=1.1.1=py38h294d835_3
  - menuinst=1.4.16=py38he774522_1
  - mock=4.0.3=py38haa244fe_1
  - msys2-conda-epoch=20160418=1
  - nbformat=5.1.2=pyhd8ed1ab_1
  - openssl=1.1.1i=h8ffe710_0
  - pip=20.2.4=py38haa95532_0
  - pkginfo=1.7.0=pyhd8ed1ab_0
  - powershell_shortcut=0.0.1=3
  - psutil=5.8.0=py38h294d835_1
  - py-lief=0.10.1=py38h4b9bc1a_2
  - pycosat=0.6.3=py38h2bbff1b_0
  - pycparser=2.20=py_2
  - pyopenssl=19.1.0=pyhd3eb1b0_1
  - pyrsistent=0.17.3=py38h294d835_2
  - pysocks=1.7.1=py38haa95532_0
  - python=3.8.5=h5fd99cc_1
  - python-dateutil=2.8.1=py_0
  - python-libarchive-c=2.9=py38haa244fe_2
  - python_abi=3.8=1_cp38
  - pytz=2020.5=pyhd8ed1ab_0
  - pywin32=227=py38he774522_1
  - pyyaml=5.4.1=py38h294d835_0
  - requests=2.24.0=py_0
  - ripgrep=12.1.1=h301d43c_1
  - ruamel_yaml=0.15.87=py38he774522_1
  - setuptools=50.3.1=py38haa95532_1
  - six=1.15.0=py38haa95532_0
  - smmap=3.0.5=pyh44b312d_0
  - soupsieve=2.0.1=py_1
  - sqlite=3.33.0=h2a8f88b_0
  - tqdm=4.51.0=pyhd3eb1b0_0
  - traitlets=5.0.5=py_0
  - urllib3=1.25.11=py_0
  - vc=14.1=h0510ff6_4
  - vs2015_runtime=14.16.27012=hf0eaf9b_3
  - wheel=0.35.1=pyhd3eb1b0_0
  - win_inet_pton=1.1.0=py38haa95532_0
  - wincertstore=0.2=py38_0
  - xz=5.2.5=h62dcd97_1
  - yaml=0.2.5=he774522_0
  - zipp=3.4.0=py_0
  - zlib=1.2.11=h62dcd97_4
  - zstd=1.4.8=h4e2f164_1
prefix: C:\tools\miniconda3
